router
0 NA 50 10
1 NA 50 20
2 NA 50 30
3 NA 50 40
4 NA 50 50
5 NA 40 10
6 NA 40 20
7 NA 40 30
8 NA 40 40
9 NA 40 50
10 NA 30 10
11 NA 30 20
12 NA 30 30
13 NA 30 40
14 NA 30 50
15 NA 20 10
16 NA 20 20
17 NA 20 30
18 NA 20 40
19 NA 20 50
20 NA 10 10
21 NA 10 20
22 NA 10 30
23 NA 10 40
24 NA 10 50

link
0 1 10Mbps 1 0ms 100
0 4 10Mbps 1 0ms 100
0 5 10Mbps 1 0ms 100
0 20 10Mbps 1 0ms 100
1 2 10Mbps 1 0ms 100
1 21 10Mbps 1 0ms 100
1 6 10Mbps 1 0ms 100
2 3 10Mbps 1 0ms 100
2 22 10Mbps 1 0ms 100
2 7 10Mbps 1 0ms 100
3 8 10Mbps 1 0ms 100
3 4 10Mbps 1 0ms 100
3 23 10Mbps 1 0ms 100
4 9 10Mbps 1 0ms 100
4 24 10Mbps 1 0ms 100
5 9 10Mbps 1 0ms 100
5 10 10Mbps 1 0ms 100
5 6 10Mbps 1 0ms 100
6 11 10Mbps 1 0ms 100
6 7 10Mbps 1 0ms 100
7 8 10Mbps 1 0ms 100
7 12 10Mbps 1 0ms 100
8 9 10Mbps 1 0ms 100
8 13 10Mbps 1 0ms 100
9 14 10Mbps 1 0ms 100
10 11 10Mbps 1 0ms 100
10 14 10Mbps 1 0ms 100
10 15 10Mbps 1 0ms 100
11 16 10Mbps 1 0ms 100
11 12 10Mbps 1 0ms 100
12 17 10Mbps 1 0ms 100
12 13 10Mbps 1 0ms 100
13 18 10Mbps 1 0ms 100
13 14 10Mbps 1 0ms 100
14 19 10Mbps 1 0ms 100
15 16 10Mbps 1 0ms 100
15 19 10Mbps 1 0ms 100
15 20 10Mbps 1 0ms 100
16 17 10Mbps 1 0ms 100
16 21 10Mbps 1 0ms 100
17 18 10Mbps 1 0ms 100
17 22 10Mbps 1 0ms 100
18 19 10Mbps 1 0ms 100
18 23 10Mbps 1 0ms 100
19 24 10Mbps 1 0ms 100
20 24 10Mbps 1 0ms 100
20 21 10Mbps 1 0ms 100
21 22 10Mbps 1 0ms 100
22 23 10Mbps 1 0ms 100
23 24 10Mbps 1 0ms 100
